1 2 1863 3061 2588 2171 3475 1656 2701 712 1230 3891 2850 2858 13.916 43.52 19.297 23.267
2 4 1483 2250 2485 1982 3005 1774 3081 1551 1623 3322 2585 2508 28.948 20.577 19.842 30.633
3 3 2133 2955 2878 2043 2860 2065 2704 1052 2215 4047 2760 2480 26.145 21.829 33.566 18.461
4 1 1839 2782 2429 1995 2689 1897 2203 1571 1612 3367 2695 2464 37.501 15.709 18.056 28.734
5 3 1741 2411 2790 2209 3326 2017 2828 2479 1495 3403 2902 3058 29.538 16.682 39.099 14.68
6 4 1782 2548 2836 2009 3007 1364 2837 1632 1410 3669 2817 2436 22.654 27.311 22.608 27.427
7 1 1491 2176 2111 1811 2774 2516 2886 2476 1565 3531 2496 2564 50.057 11.671 20.998 17.274
8 1 1544 2370 2668 2285 3164 2099 2853 1566 1346 3516 2581 2619 28.606 21.79 23.882 25.722
9 1 1416 2186 2431 1795 3364 2705 2912 1969 1027 3494 2065 2480 34.206 18.01 21.357 26.426
10 4 1481 2243 2390 1796 2746 2251 2572 1412 1368 3548 2358 2181 31.491 15.352 14.047 39.11
11 1 1475 2365 2375 1943 2983 2471 2577 1719 1343 3879 2345 2664 34.026 18.227 22.294 25.454
12 4 1424 2302 2210 1928 3279 2475 2452 1359 1247 3596 2242 2430 30.434 17.739 16.43 35.398
13 4 1635 2376 2349 2161 3098 1974 2798 1469 1353 3669 2436 2597 28.644 20.929 20.2 30.228
14 3 1861 3110 2563 2375 3488 2586 2753 1689 1626 3856 3000 2969 20.695 17.756 49.701 11.848
15 3 1687 3044 2820 2421 2977 2110 3307 1992 1843 3902 3050 2358 22.83 17.567 47.001 12.602
16 1 1899 2735 2403 1892 2535 2182 2724 1452 1679 3445 2641 2419 37.797 16.165 20.224 25.814
17 1 1308 2288 2214 1456 3261 2177 2963 2051 1253 3478 2486 2447 29.838 20.156 20.205 29.8
18 4 1087 2311 2248 1710 3307 1972 2405 639 1026 3097 2085 2541 12.002 15.172 7.4726 65.353
19 3 2260 3006 3230 2096 3110 2217 3094 1659 1937 4405 2804 3285 11.655 15.3 65.683 7.3621
20 2 1531 3049 2376 2009 3504 2389 2702 1686 530 4179 2785 2680 17.89 34.703 25.14 22.267
