 1  284.9167       .9849               71.1724 
 1  345.0833       1.5744              69.511 
 1  510.9444       1.6619              48.8908 
 1  544.75         2.3233              94.2425 
 1  404.7778       2.3772              55.3981 
 1  345.1945       -.8222              68.4991 
 1  260.9167       .0923               1.2831 
 1  630.4444       -.1916              .3302 
 1  .5363          .5363               .5363 
 2  2.9611         .9857               69.7539 
 2  4.025          1.3176              64.2989 
 2  6.0917         1.2011              27.8114 
 2  4.8333         2.3469              62.7219 
 2  5.175          1.9502              44.482 
 2  2.8944         -.4539              13.2335 
 2  2.6611         .1424               1.8079 
 2  5.4694         .51                 2.467 
 2  2.0677         2.0677              2.0677 
