1 56.28333 28.78 1.5884 1.66519 81.18934
1 46.44167 31.92 0.7894 0.87456 35.64239
1 52.7 35.93333 1.08501 0.7403 64.73226
1 47.88333 40.17333 0.6249 0.91864 60.62827
1 50.55833 34.51333 1.26721 1.35849 47.85607
1 57.16667 39.01333 1.40361 2.15515 83.14085
1 53.81667 41.26667 0.90513 1.13375 67.92616
1 46.28333 37.48667 0.47129 -0.0669 39.50284
1 48.98333 25.22667 1.43573 -0.30746 66.49665
1 41.14167 32.44 0.37214 0.23242 19.63391
1 52.89167 40.04 1.05718 2.29586 78.6853
1 0.05193 0.05193 0.05193 0.05193 0.05193
1 0.27085 0.27085 0.27085 0.27085 0.27085